-17.5 17.5
-12.5 17.5
-7.5 17.5
-2.5 17.5
-17.5 12.5
-12.5 12.5
-7.5 12.5
-2.5 12.5
-17.5 7.5
-12.5 7.5
-7.5 7.5
-2.5 7.5
-17.5 2.5
-12.5 2.5
-7.5 2.5
-2.5 2.5
2.5 17.5
7.5 17.5
12.5 17.5
17.5 17.5
2.5 12.5
7.5 12.5
12.5 12.5
17.5 12.5
2.5 7.5
7.5 7.5
12.5 7.5
17.5 7.5
2.5 2.5
7.5 2.5
12.5 2.5
17.5 2.5
-17.5 -2.5
-12.5 -2.5
-7.5 -2.5
-2.5 -2.5
-17.5 -7.5
-12.5 -7.5
-7.5 -7.5
-2.5 -7.5
-17.5 -12.5
-12.5 -12.5
-7.5 -12.5
-2.5 -12.5
-17.5 -17.5
-12.5 -17.5
-7.5 -17.5
-2.5 -17.5
2.5 -2.5
7.5 -2.5
12.5 -2.5
17.5 -2.5
2.5 -7.5
7.5 -7.5
12.5 -7.5
17.5 -7.5
2.5 -12.5
7.5 -12.5
12.5 -12.5
17.5 -12.5
2.5 -17.5
7.5 -17.5
12.5 -17.5
17.5 -17.5




